$ANSIBLE_VAULT;1.1;AES256
35613038323066616137366139643662643832626533653465363332306465303166643737663665
3235363965373031336339353438646663396139633133350a323366353364336166666131663735
37386662623766613233323663373535396137373362316531323765346364363235333165313962
3466653032366461300a373639323532376234643334653966333731333265666438633037373864
32666364623537396337326531306562613238333866323632326663323630353665306335353438
31616531643666326136313234646238356130333633393936376566616265653837663262626266
35663562396464663536626566346134623363633034653139333738616136613566613465356638
31666537323437663264303139323338333031363332646330356132653431326233393434343138
32336138373134373835343862333137653463383036393463336538313934376663623233356537
64353663646261653032636466653662306237353261666365653665623037613236353635353437
653538616234363932313730323636626666
