$ANSIBLE_VAULT;1.1;AES256
38363463616535363236353139353436633838356335653139376564393265663933313562616365
6562333432313035616462626363306466653739616536620a623739343439303036366365303463
34356135346135393434343335386366613063663264393835636539336133663661363136653639
6666323934643732310a366330616464346634656634616165653561643333303364386265346239
64343863626634616265326365376331643035623665366365393561393966353131396531373161
36623735353363616638383366663732316534383964336637633165393239356535613365316432
64653364623831663038356230626434666138333331613863633039393739623364346233396663
61366562656261623838393864306166373537333931626330653037643762346536343136636231
31343236303634303634333734613736613939653237363266363930353265373361336130643033
66633339653766653666613536306431363164636165333732303239366239623938313233303165
38343832353839636530623966346635306666663739386437396138343239303465313035636332
37633363313161663435393430653366643835326361343638333231356439626364323932636439
38343536393737306464383636323865313166353533373630383461623965356134316539326134
39636665633432336161336230653936613561313665396238313534333239353963653661626135
66346162306536386530656635383832643566363839353239663333353434623332386537633064
37313265393739366133666464343962666166383732633932646639326465336438656534343366
39346166356363303738363266356566626165353535643531643264323262623765396438386663
36666435363961373133636538303038303661646531343337326233373436666133363235373431
66363666663737373332303766313738326132373662633333613763646463313165376238633139
33346662663962643566636431316237306633396462373262396132323633373539376366346336
65313666383166353537623834346536363130343864326561646631663330363538613837626531
38626562346338383234383235656664303763336164336334303735616132623031386561666463
66383063386135666334343034353263303131613964663363323939343031656132336338343664
34373735613433396433613161653233343565306665643139383836646161363535303436663632
63643732616633306535353134316235663135353366663230623034316462646664323166666462
64326335653265613230646338663430363462363562366639393833396633636435316434326461
66326366363162353931383262386433316462656361353966623931613038353865363462626666
35386534633162306236626338376633386131313937653030656166333465346432653030646131
38646534616666636137616131666564313163383737386565666135303335623734323134333736
66303631663032373535353139393661383231623437343532333732343261623234383166623161
65356131313732333533346362373161643939626237663038303836646234346237326239383966
61653362393233633339623163373962623161333631616363366536623565343763343463653633
36336662336364623931386638343563393137616361333231303830336532623938666232663537
66343534653437383231346563626461656232653663343666643337626438613634346364306663
30353935653764666436333535383766356337373164653064316231383463316631623466383833
34643830636531316533313939366334623236643566656562373833613234383536316531613631
30366264613131646339383563323061316564356361333864373163343066326566363335613636
34623131616362393534333133343764346563383461643466363332333231323539306661376430
64323465363361393130353964316437646335376231613961363561633833316461623034383433
62363032356561393065636530626562323539333932636532323133303432373464633030653662
63356433313032343966353735313737643639393036633036333461316366363734633563343930
61633036613738336164393131616339303566633138363834626263616130663465316561376562
33613034623931353439633338333835646361376134366363393263383739666364396137613962
65613665353361383162633265346531363363306333626235633730343763646330346433363336
66663934613734653931666334663634656436313231316362343635393930643936346663643563
38313332616332643962653035383765613234653233333730616137396462623735326635353436
35366463656630653138326262376165363432383032373439333163313233316261333831366661
30303936663935613532313832613363303262316339383636303963303665636166386338613439
35656238343035353039363965663162623362323064393436313863316662643564323063616665
31363435383732636364313437323163396166376666333866653633386464666431626265386131
64383333653662666433633264353861363266353831366162613066626230313064353138346166
65383365333039386630643233323737346238386436613036316664626439336333646335666538
35656339333164616135326361313238623662333838626633663864366338376131353964366264
35386465376230633032653636616637373430356238346233356366383338393036613262646235
65333262313937323138623034306532373263333437303134646131613333306635633235323565
35383034376333326330346562613561346464613634643362373538653665636235323638353864
34366434653863326538366162656561323662393563623136663632353363653339663462396231
62653666613035613064393334396133663861303837343638636461656139386533353231316363
64323862666536383763613937333864306565346137333235386161393834316264666531616430
32303433366533323036336132346266346566383730663165613361653135336133363639346666
65353230356538636337366438333164336537366237376132386536353163366163326430333838
66646431316637666232663236383138316261303130623031636337393732616231616565663837
37356639366436343564303235396332353337393234376264663564623833633332633861636536
39303438343831306663663234613462646231666666383166643238616162306539343063383062
37393636353331623262613136313738626530313137626266663334623932303835356634616533
35356363623938366562613635653837353238663762316430396634333661613665336463643132
63353834653931316438663138333739383864653138353938616432656265346165633634373236
31643935653633656163343233623932653135346331643334333164383361636435383838663661
39346232393539613963633462616631623638383837636138326262353531643261376631346438
39303765333061666166646139373362363835366634663337326638336233646235633138383033
36316366363530383632303334386438396263336431626662343862363035313165633766373063
39376633313636333965333165643732363333623065653032353536383336336330346165636464
65323336383165373933613332646332363261653763373763386133666339396439623630316636
39373334326265386535643439643136383434623732363035303034386435303836633664313031
61663236326631313333303161396466383339313064336662353462613431326361316538316432
32646331313564656266646338643862383630623437366433623661303363613835626566396664
33653731663463353234393165343230613133663332366534303934666630643263336131616564
64363766353161363664326433396533383032666163666266366439636565323263613734353233
37343430323266303064393237633362363330383435623933393831646330336238313735666532
65633335303232333233383730363762363465323031636134663935363431613639306562326135
36663964383666316536326162353238393762616532316632636534396133363664333065383832
34386633353533663861313965333161303035386465323265653237663531656539616237386133
61326237353761646531616635336537353532633766666233633831323863323463643661346133
65333866626232343935306666326538393663363437633531396366376130353530646535643161
39356161396534353238666133313830633366323335343838303134633534623636353165393938
63383430313130383533656362643837306238656138303236343365366131656464316137656434
32343565396538633531613035656161666333323330343864386438646634303766313761363833
34613637343634343338313361346633666266623435363366303761346432316464316666636631
65656634623038346166313864303262303230623761373865346434326466656564363333653330
36376165303562383162373362393431646431613831373337363332393439323365313534393735
63386633313636646431666534393230396630643334656334306537306236323430333537643665
64363164346133623139656462386361633564353936373566396436306164613434393132663733
64383633333864353464393565393733636630643666383338383565326563633938333431366261
62373135326432363739303461663830633231616135316637386333663865353264396161353738
31636134666265623031343933646366666363363738636663326235653066613437313938316135
38623737356364373365623237353931383533666666346466326561333965393733343937643039
37323731613364393265373333353437663736303237326665616362313239386439306632363533
39393765396365333435323730313162313930646237356238656233613638303534633435653165
34353766396662666232326130316536643039666331663436376164306361353134663465303330
64386632336265333130633539303434646635323031613930643834333362386234383461663433
32353161653639346565316338636161366639393461393433343530616262626136303930333564
64633462316439356532323135366166363863613732343735643037306263623061633035383131
35313031363534666634633531313030393138383332306336363438633164366563613662623532
30636639316530303531316530356162303366373738346462393131646462613339343561623737
65323862326639316138396330393137333635633936376162336138336664306538393534393263
61623366623664326464653938343633363734613861323962303234663733356561393636376137
30653835376161346432346332636330666230353864366662376339373536316530363332643639
65646265626462656637633232626533656261363666616365653735356164316636326334383266
37646364363232383465343962353164653462636533626362306534313439623634376130313063
34366264333839633437623738313736346236393835373736343134666263363734613031376430
62353332323138666338346133386436653135393736336362323438643937366165313530333239
65623934346566343765636635623834353333393563663164373932653736666335303765363734
63653435396131353666333931666666656364363465626165623764363932353939636362633736
38336135363865373664656334356361393531663862353066306335643535363734643065663239
36646535316137366432616330303933376333313533366535323135316131333732393436336635
39643765376133346330346361616438626432326231356263303166663266316336373630373566
37653631373536663538633566373032336235353538616562626165396631383562306133386635
31383762383531326165353135363762396338613434633837353361393361303165633335363334
33366133656561353263633961306261626237353836656632656462613662393233343939333430
64373631323364313632373931383963346132396635376365343539363735666639633634393531
63366439643432386663383637633766653037646264386565643730336635393833633033646365
31316135373765323432393331646430653761383863626336346137643236376134636439613036
62313631363261643038393431313236353563383039643263343030356331653065666639376236
64636331653234376130343239336533313966383265653634646439323039313933316164393865
37646435616361633533363863356536636465386466653064336264323833333264313863306531
38653862336563633962306232333666376663393735623865353163376461653462393165613236
66313236386232316430363465303464353835616664633166383261653562653435343136303432
36393735356532363230376438613439363862336335633133653164303431636266393964656430
64373536383433313030323433396635336134663762313636393838323965633932373932393039
31306165353631663334646663383634323531396564333732316364646239646434323033353265
34613561616536353138336161613436336365343464646534333333633363613663633464333338
63393665326365663435323837343762623835386361373631356236383630656135653664393438
36653263353139363433363934636538613734626663656466643731643835303436353431626165
38643663623165376338656236373761623336643461653539353165323130633731653531366664
35326562613665363063626566626661613838313431626361306465303030333766346537376139
66393239393661636361363266373532386239323966643438616531653035323335356133653936
33313066303163303762626230376333303161623139623061353865396162303032386665353734
38306435306561303430376165316533393164633138346463613039303363363532643363326237
30343335323365383138656434653738633138303638396538313034366332663561626166646161
34313364333866313739393261356533343461636136636162373362363833646131636438646364
39613062626361356131333634323966656538613837626461313463343832633663346662343066
65663265303364316332663431313862303239393961396665393763626239616363653066626537
33343430363861616332666664643963643964643030633638343731343132393038333265336539
63656337353739343334373734343235306262653931343730666135396366353633663930313232
30653437343766366438383565346536323366373364373831313935313338626333636139303261
39613965646664663836353330653538346331636433323539653865336361333131613062643439
38353035656433666331333635666633366261323163663330666563623535643866386439666564
32353463636539613764323166626333393732656431393666383034623934356134633363363564
61333166333064343239653331636232383162363638643664313439653863653166303665633966
30646330346132333632303865323432613738393237396637316332633364366332376431623234
30383035663836373239616330626431626330333834363733666339663034633031356630363330
33643933623237353164653163323331386139366663326631653434333631623665333436376332
66363739393064366130316565303537396163306164616362376664306330373231336139356435
39353962616437653033373731633461636631663662363039653936623037303137656436346266
39356362626263386537356433636365326536303836643130353063346239393064633166666633
37623638623935623531393564626534643534333731623863356162346135666663316266376661
34646461323730346433333031613763303766303865393331353738373437613738393664316363
33396134303964376335323564613036643964313162373333343836326237393265356464333134
64396338393462626664316439336137653231643032376164363834393839656563646231633162
33653133303836316437333463353838303130333934326632663033666536653330613166623039
65333236353762336134316432336139393136373539386566393965633561396262373131353438
31356361666661613366663664356532386636353166626431626631313262656263656233376463
34353033326131356261356161306234356132316461383539626635306366333831653464373033
37653463383366653361623066663033363631303263316132303333646662643164646162306230
62326533623838666461626333323133346137363338663365363536356132313464353134626330
39343936313335346431353034353363333231623732336435623738306361636136623365616332
37376464313261623339353039656266376537636232343735346230356633393362633864363633
38613132303563666132393434323237336362326366386262393263393634383633303731316430
64316234313263373439383961313262373364613735333865363234626565643235386536343134
37326431613166353765313838313731313635656364363065336164666534386339353035373462
35326166393535396239326530326364316563643438653130333062353539303461326465356531
38313936313333353535633332643033633335373837623839623564623132666562646630323763
35663461353364653835393963383835346132626161653130323261373732323134373932363534
38333137386635653566623034353532613332623435353838343434343432393663646338633266
37373635396462653063383435613631653634373434333235313639616437323065373532653536
63633861376230396437326535636135643665346136383661326265643838316438383934303534
64633733653165333134306238656563396165393631373962656333343665616234353434306337
38326138646263393564616130653264633936396534303237643335316230346264303966633430
30653033363836656438306261336638623438346635323963646363316333386139373264326161
30373331623937316163383766396163663165303630633739616133323238636239663363376338
35346265323037376663346365646262303931326435616165643935613439656635336563653039
62373432396336353432656565336466353332636462356362646138386630633865396338626137
34323634333334303562316637306533643335386666336136396239386234303136336437626365
31393939356633646230623237386631326438346231303565656464383362633066323266303132
33393131396666346139343561386135643264656561613032626264636633313837653765653361
37366333663130313364326532313736643233393964326535356464666265663335326538623139
62376335666466653161396336336561303061653562383837616530633764353661623936303837
65353734343662633032353134383037633164666262613564643463323636323331633038386430
61383236633731386262363437653166323361623764366130323963313764356238613463346231
32333633626339396266643362346266306137366538656363656161623131646436343739316639
61356439313030393766653764666266346435613037333130616363623062303239613235326136
33633461653061373833666538376138313033656338393538313766303866643737313237653030
62393664393037663965653131666163663637666331376661656234663238333339663138393064
31326635613938633737656635663066303932323736616265653332663639393265653937306566
39323832653739666161343134383831343462356566663435393032313635633534373266303464
63383065623336653939663165646537623030316363356561643865313338313762623337383331
37646562653936663165313935633435336561613936366535316463646330656265323234333565
65623035656139326138343037626533366138616161306463323234633537383735333138343432
36393965363332633134393164336164383566613234353633323563653363313534316538626536
62353533386239653930646530646234643432363062343832626334383736333833636363613663
31396561333431636139376561623662356437353533393637363533636335303165383437393761
64656530333862303865656664363963343137333030636331313933613563656138633138373033
36363730633464656263343566333930303962616566303862316334313930663039323437303432
30656533633431666532663434343737346262613262353131306532616561306265346432386165
38326564306133666264666466336266626465363832643562313432326138313664366264666538
30353563323762363831646262356238666332376562326632633730333635316136373265623162
62313234623665313462616363623236666338626537613336346433636337663834633835376636
35636238353863393638343139353630303339613964663266633431626264653362346262663832
39366338393562623931383635323130323461336464353734643638646464373064653337393863
61303464346563666632356239633534663133333734343833666335383963366461613833653663
35346534323631326364313534326433333739386565653466366536313561313538636639666636
39323931323064386465316634316266316533656335373865613866313038623131623839353862
39316531386263323465343137393062323564653832396637343236323132336530336431396236
31366134336138396530396631303261633965326536323939393733306138363838363162303032
32376164323666373534643631626362313834623433386434373961353437643562366338613264
30646230653762386263383765366132363738363761653165313734643832306533666263646166
37626538633333326536326133623637616565623664646364373438663464336134633134653330
66356233313737636235636430613734666337623333343465393936656532613837656337646133
65353264346666656163613863383861316364343930633166313438376331633435636238373430
30653164383038363665326164653630336164653638333563616561616665356130356439363238
38323035613366663639396266323831393231333733366338663236383034363665623034333336
66636431663030396532643831633330323331333036346263653836633433646538316661383332
61623939666631343861323861313539373261323933333535346363653964386636623439626134
33393861393730303939363233393630306637363863626165363138613130306334653734363336
31626462653632613433616132623038393863326130346138646133653434303434333061666538
36623936613232656233363462636230346161356436316236656261336330303934656335303365
37663962313235303462623033663036393334393331313231363839366135336234623435663664
33616231643135373236383236316235666435646135386338383332623665316437616337613964
64643561666233356562316164386564346163306634656261636263326238653837663839396539
61656362666539386631663865626363346465623762363661663239643037643961313633633037
38333564343730353362616338303465303737616437333535636666623037333830643965376136
37633837633031626533343930613366343736386233393136373763353238666461393835323361
33623762643434666432366661653638373230366239316336613134353132343036646261653961
30613134303333386436633239393735646138376530326630303766333733613534656635306637
30393661343265646633393734646161383764616238316561313733336561323330316233363465
36653932626231666430373230626433643263313564343436636361306139646433653661653930
65356638343165373739306564376130626263353866376139303335613864326362643064363038
34323264353331663336343033666137623862373936393536653261363833646362643131373562
32663132623233333865316133366333663063313237313932623836356434353336653731363732
64373336336132393939386663316636386431366131363663386261666566643831316538343133
34633037326330333932323765336437353932313662653864396631613762326666303866326537
65323561303165316236353439666131316430376333363933336338623462303839343539343739
61363238333462326530643961343236353835353261633234353636313063653930653764353335
33656438316262613634373133653836306332613166663664313635633634316238303064393830
37386532366636313738346661366231613362626639383232666262373636336533306433646365
38653538653164636665326163343532383762386333306237636563653031313663346161313765
62353736306233363332393032303630343462623230383265643736653463343330323164393339
63366663646230653461383763646536353734613439343237633436656561653062396465356365
36366362313434643333303639323536306132383038656136306363336338616239376465656461
33313239366138303065343532393231616565313261646562363936666163653462393535326133
31613936633636333835373330636232636162623766306564336639323663626635346331633932
32613838323433396663633332366531666631373965643134663830373438343965376332353431
66303835636230356632613932316166623330383164363739633230613664373538653264626236
38383430613130356431643431653230386265353563663634393033376238383534316339313732
34666537306139323037646634346231623437616232666436626233303731396635653638646437
38306463386563383330623833393435613432333039666364633731313266616366333265666434
32396161646334663232326563316236393262386332613438303265303465326136623631353263
32633338613662313833303535323262613733376235376464656634366662343963326562363162
66353636626132633565336330366438303135383164326233616137366161396230303961353432
33636536666534316233316535383636396434313139333062396236353262333533633333633937
30376565663363366235643563323532326338636632643738643963373435346261333662353037
63343032376532306166326538643430613165656565663261633864333632376636666264333139
36376231333534623364656335343830666366333463313538336262363764346130666464653637
36363836643633646132636566636239303562316162333766623139636632393663356434333133
62636635643031636638623434666263376430643965336234613037303835363438663832333364
36653233303131636539653430663333656230643234636637656230356463623162396163316232
65633766646538356664653235646138366235366334303638666634336665623132346630633732
36343962333932643962373166653566326533313438313362653230386262323434653230393735
35616132363436636536343834613234666639643632633239663766363962366461623765373832
34396432303735386134303131303831653538326230353436303861663133383264663862363538
64396337336437373462623136316130653563663165663333626637633130386238656435653662
38666536353062636538316336343937613761383532643036666161383832346630303236323266
64366663376632653962616336346461613065626339353138393735323531373062323238303935
61656630653131663331353634633835363264313135653933323935383336336432643333376561
35393434363139353233393334636533366261633835326462396563666536666536646263646236
39373639323133386266653035636366316364626134333632306236306663666664343835363337
30323139353233656537396439383866623661363333643337373364333534633130323531653432
38363933306634383330626131643233363335616261663563626634363634623365303136643532
30373866326430623163303933343331363865373266363531323531623266623233323564383635
33373939343038613236653137636634623564376136343265643437366664303635653333646531
39343731643533646130643864323834366337343833393534356134653463333562373637666438
38303364633563356338343736323037663139333934666366346430316263363339303138633634
65303238323761376230643032383130343535663262626133376335383162303633663730613732
32623732353261653634306464376165626235663233636664333638636637613130393534316433
63653664303335663839653637353164656330626539626661646136643634393331336337303162
36343433346139663965303632656632626139663935353961633361633435666562666230306231
62363139313636383131663663333133323561326334666161653937376337343338303135346532
36316362353766626131396435333663383534613737363866396534616235333437386136643136
65373030333661396630363934373033373434376465353236303330323062626366653466376239
34333532346363396237373462346166663264633938633166313332323532306264656533323064
31306330343234613131313966316630613330623138393563616630636431666338666437643738
35353631323764613362323239376364616139323535326636366465613735613164376261303866
37326536373038323539306361653732626163656333303630636164373261353334623234363235
36313861323665343433626637656463303962613134633164303363653838613438336135333933
64346161343136376137326161323839383963646333623539643761353439333133316266616661
64366438613531613463306436646564666532366631613930633461316632333630643463636332
62306163376430646662643362343066613264623562346234613139303135626165653135373763
36326266393131643464323531653862306462636430336230353964343437636335636166326533
64356137343236376438626137383538363434346538666433373433613162303931663164366330
33383235666261376662663735646235653435316364366464366239623266346633386334346435
62303530356337656630373731353731663138613035666165313232623937353664386461383966
64323432616530346235646430613430386361326535643133363439653538666163633930323538
39393938636434316466376561666562393062626139376262383661643463306232323866633136
33336636366137386366363863613031396234396339303261393730323632366463356262663966
34383533356335333262313834376461646537616130363430373830663261333565356632616663
35623332356337643765613736353232306333363964646466636239626465333236376433306266
62363963363436316137336665363361633861343161326439323638666465663833333939653865
65333431343831663963313861356237376431643965666666616335396634663831613061616564
61366639666637383864636636383566633630373864313733386335313034323636333465383362
36326339633530326361666362373161383636633364373964656235336235643238626130333833
31656463386537306530336663306361353064306265373064386633653434326262623334636263
30393732643939393034666533316162313937306563343262633136356230386431396365306534
66376134306431333834343065353831373636356634373736616637353336646331366432336332
34306664383934653831346532313265373761643237636533316236333333343164343231653863
61353435633661666639323331656164326132353964313534373937636635646632376266396265
33323439326464346636653533643630613135643734633166663533346362656237653639313232
39376436346239383663626363313732323930343731613836623130313431666664313739613737
34333765313933323038343436343039623861663332353732613863613164356232306632663736
30656532383032383663336536613965656230666663366538313931373865633933633038646532
61343030326433323030656662303837613564663336353762643039663437643630363563353061
38386262393761383463306230396566633361616632663934623432616138373965
