$ANSIBLE_VAULT;1.1;AES256
31383937623766373836336635303038366264393964386433393761653532303665353730396138
3062666264653635303834316531303035383632663663350a393564303331393165363730356662
31353037333839323334326461326534343262373665333964373630633166383733643033373835
6438373433393630320a663930346131323163336436616564383432386363306461633364386433
62623037623737363164656264336235363964356336353831646562656365616134643137333838
30333066613231383937636133633861633131656665343461306265633363616432313037323166
63343662363431666634663331323636623939306332643330323865346239326363653231633833
31353665316431366631613265373039663839373962303739643365393564666334653534353961
33363463336431363734656539366633333261383634356635653464336135363563353134343137
38366461633765306438633665633539633039323463356439656461643361666265626333366462
34373833646338346432393530333832316138663935663861303761613231616633383730386538
38636534336434643436323164386662646630663739386236636639366539623365333237373164
34626232323731326637383039366532306135363732653831396334623939623331313333633434
61383862656334643639373730323837356233653038653163326163373335623362663231313266
34633931633863333765366565373563643966626431383937666266303832386330353539356638
33623833336636663266646633663563303931303530396466313238653931313032353036343532
63393235623732353136663766323863336162356165656666636463323737663131376235373435
66653130646434666237303662333966343165323232303764623663613634316232306233353965
39346134316237663664326132333639333062626138646266636533313438623633333530376634
62636661373030353138623032663438313038326230326233663064623561623731376432663233
30303536653633626661616164343038623935663562666565386566323438346162326364633666
38343439333564616239363633616432366563333039343335633066333462336264373131643964
34646566613239313763323262636238356464393737396233313734623063313130373562346561
61646638333162383932376131343232343634613738653036626232633937336566623366656465
30373563336663373463313131326236393138613461353437383561636634313237643231623561
30653535663763356331303338363866363166653066303863336361363063363633633264303235
34396231333262396431316135633232363231323130323337656530353266323530393337386338
63343963653361316333383861613737363738636638303063326661393164376264653661396137
32636130306235373961393864396533333133313464396665333132316237383435396431386539
34626633323966343061303338363764356534623736303030646133323434373831616631643164
39376136616562643266643034323435373933623730633932623862373135343037363635343836
38336237336337366431393361316531663466303138643034396538346339373038386236366136
31333536333063386534626332306138396537356439656334383833643836336135653735333935
32393535343365333631316263356561626430363062333533363266656236626431373361356633
62373337376563653665643834626361616266376461376536643561633839346536366361303865
31616163336564373738353939623834383866383935316234646538346437653234663766663064
63623830393739646230313238323533303535313235303836653662353631633630373739666339
64623538306136633336393330303539363862343362616666366432366230636234353363323030
61393834383638373366323465383664396464303434373230633538623837323464653139353735
64343637643438393165333833383165383333303035366438643063633265386461383164646664
30313339633836353862343166366163383839336262393033396564653361613331333964633237
38303665326534653034336430623337336233663537653538633966313339386437366563393065
34663936626264643463346663323938616332393965353364633938346437383131633666363465
64303937636539626266336561333635323238313032313364653530303837633031363334633736
35623534396463346235623531626231643733393635623730376466363336313736616238613362
30666635346339383632313764303061333463363735656431316164323664393266633637663736
37346337313937313131356532636332313339663066653462373634623634343234353865383334
37383731396539393432303563666233663032633861613763653664383466323264326536363364
64633430326564393831393837636639323238663434343165656637393731386433353132353135
62613763656533353931366633666331336664646231313031303366666234333662646431643534
39336561643363346336366163306564393034663064393639306634623033383761626633356530
64313736623535653633643436386165323036363936323236376331303361616664616134663439
38636263363830656637323137386338373637656635616439636635633030396265396430306266
66383261386330646638373833646331333637333337323335393533653332316662353761376264
63633963366639646637313264386237643462303862633431313166633966366162316539663531
37353236623262356637393030393535393036323866303863346130643461386635383034393737
38653332333537396262313432646537376434343663626461616431326364623634313763346537
64643633643761386463646663613262616532643038393833613138376461626435373631613932
36323365363464616566393434313461366137656265633034343663633335336635383862393436
63656462303661383034363262623166616232366636663439313466316237316662613231343330
30323933626230643065623963653565316264613039313762353563613634343834306362356130
36363630306464323366326261643066353533373766366233393965316439656561663739363031
30386264343865623437333962616234386239653062323434346537373731396634313632393833
30666337376538376466663031613137653863306330643465353434623336653439643632303530
32343038363734393361383630653966613264383265326130653461396530366139623736343366
32646330346365386363336235303930656534373765396132336335356238656539346637323532
37373866613438383933653231353366616666346236613930356137623366303766333639303061
30313035613738643235326631346462393938376339353539376130646638373838636664376331
32376165663832353835313433396161613064623639306335646536366464363931656566316361
30353035393262303439323331393438396134386436663930653237343735366635336633343137
30616264383166393136626564396134353039353565623535376639386332313234653036353364
37393234633430333362323332663361363564636465383364613330346239663961376461333139
32303630353261623061323635396261353561353631346265633530616434373063313534326335
33373761656333363561303230383966653534353636346237616630653939323932613561636537
62346139396338643937363665363839303733646436313632326437363865613436333532303034
32303661343763653361653061336536393132383166623464333037363065313361383865316532
37313163646538393838363538636639633663363761643736386461323036663566643733653063
31393865633630326264633865336431623361643861396264393339376138313638313739633637
35613837653063396231613366343562666466303565366633653961666266383634656561653539
35313331646364393737633334316538323165353765633732333034383266363734646563393830
39366233636534646332616135393239363331663261656432633861643435326638306239386535
31626230643366656436623737323365386635366666653364613834316462383338356531326665
35343335613866373561653839333333653565323737653062363833323863633761346564306532
35333033653134303061353064653531623938633239356235323765313865343964333662343463
63393138613334643466396162396336653665333137306561663233636161643065393335333634
36336366366662643037396361383735623334353563623734313863393439386131643533643230
62376637663531656466373232653930636236396335393939616138366233386133343965653031
66336433396462633138316234303965366666313966653730663265633063663938316530346463
38616133333232396536396463346530396664306133313530393763626330323937303835346361
62306334313664313831643737636131663538353765383433393365376165363935616338653236
37366530373836613935383030366538326633613831346465643030346531313132666362636438
36623939313132393165383230383063363263333861666164643130613034616635623930383533
63663336353064623237636535326462623462323137396662663536313936643033653130653163
32346163623361316135303662343438623131356266626161343031356462373338376530663266
64656331613962633765356433303436376464633034323234366236353535393365356631636466
63346139303561663563376163363539316563653036323466653934613665373236366664303535
61373530393631343430393063616233313836343437356135613033303563333735323262323165
64333333663663303632353338643464353937353765386338643761346230353664393363303365
39363163633233613165346534323838303232663766653531363465313433646535666239386562
37363365313062616634356362383730303439333166636134643136323736326466613337353361
32306633636630383462343563353764383333653637316139396361623439353964373435656436
38313438306562613635653662346433623439643038666432373161336338393239373062633135
34623134623833386166663338396338393838663838636334303535623462643838616662333064
31356133386263303531363130323035663164396331373762353032336637663032383336656366
63373036386134343163666237373135323037383430363864643263626362353131383936653132
32356161393830373137613263366134666439653437376632393565363838656235633962306239
35393138396634376539306632366332613235616433633266656563303665623733376337316236
32386566663864386238643663663766373262623639393364306165626136313830356161363738
31346430313331646435663939363736363937656634383061653664386431303734663039343434
31646531363437386433653438373535626562376537376536333934323039643739306434353834
39396466303964616666663631343461326338336132613066383333396633356231303962363433
35373537353261613032653539363438346434313630636132353039656439326330356362316566
37646238656466323865363766393266643134373032636137383032303463333336343463666461
35353830333032383961346632323337386432386637363361373562623636306331346338333431
30663332653436326364626565316362326133363761653634326662666533613965333731353833
61393166323831633137613066353430613632636562333033383262656235386362343531353332
65363636343861643234323263393931333839316366633662363062386139323130313738636165
61303734396366373966316132616262356336366538346431656663646236656334666536396332
62353831343736313935303363626236363036343361386234643330323263356561376434626564
35396434356230376239396132363236393731313066353339383638636665633465323038346338
61366137303637303037663261663131646264636433333239346138336630383963383733383433
37633838393037396465313666303564396165326465323336313230633732386330333637323235
36393865616532373938333836343561333263313265366366633838646565376635323361663131
62376531393561333764343663323466613366383431316464323133303739396630383464336336
35396463383238366336386632303137633432373835366162663061363737633635303932623631
38376438396464623364663061643966363266633431613036303137393239303430303234323236
34633065666162636564633238623134356333626337333561626532306631376239373131653037
37373633663236326630306535663039306133336537323164663661363037393065653131396365
61383664626139313732656666636133393132373965623530336434626132613465376163623433
61376438353035366664373436653734643061383537633235346561633761666362616633373236
64656532636436633039396661643235343538373931656563646561366265613365363732393834
33663666663230333765616437303664326632656634346437613232303733326432616662366135
33613333643437303135653236333561663064353037616266646330616538666164323935353036
64383130323065366561356264636666313936383136343763333935363237396230333735383732
35633564323865343430616436393662393239356463386439353965663633643566323038343366
38633263363563656334623932333438373030666566356634623064333536653037666161386138
65613636633366313766613963666338386364646566626664386139363465623561383062363336
61366535323538333732343635356339336536363331663839313331663639643035316234663864
64363132623234346661383539663464626564613333303430363532613437646166626565653465
30303039313031366666366136623835356130326233383264623764613831613733313935643661
61636263616364303838386165373963323830346239613036366461303938323237376332613031
65326334623232376231383335393935316130663162333261383334383830326334666465656630
62613262666636666333396630393662366463336237323735653966376661316337633130646434
61656338303139333434363562346264333834643231346137313566373233616637373465323034
31333531393434316662636463353962316639653931353933386565316264626235313533356163
38303064323664396135326139353865373833333663356565383636393539366363333436386262
65376434633030376439383638373239393138333264323363613363306436366634613961623261
39316636356438353433663837343965316666363730663261336463653663633161383638653036
30376435613033616564646139623864626439613738653232616638363739626537323165663663
32623633363136386539383132663164383736656438346162303962303832366631326463303464
38663737643537653231383535373263346164326534336536383666656539396134646337313431
34633164636330323562376138303663663439363264386339303966303336646265323532336261
66346666616532383363616366626338646161383532626634666563396636336231646131393630
62386332613639366132626530323463363837373637356230376238663063363932613636613366
63363463383964396264626166356164326666336537366630306266613336333364356264666630
37626630633265613939336233633864303531313038383739353935376632643066383833386564
31393139326438646663353033343761656439613164663832363432653733336239303633386633
38313263316330303831386463663062623936333831303138373238623135393730316565336666
35386333386365646232323437363338623566306461633361306630323234356637363731336130
32356236303335626262316662633236336638353465386564356564373636356465633336303066
35373131353336393534653966373133356334363831376639636532366537306436393533366366
61626462663137633738303033346565386232313866663031636331643566623964643763383132
39316337353766353930306235393038363862383533353833633736653038393238346132383034
65623237333435653737396239663564373236336361643265386366383161643532663737393232
31363635333630313733663531636232616230636135376336363063373365643265663563383264
64633934393730313034626563306136386334386635656138643964323330643234326538623136
36653838313163346537326339646431353537316238616336643032613836323731376434396663
66653962383462386639636437303834303430343932346339663731363461313363653262616261
33393634303564643465333432306331616435343964333431666231333866313639646637376464
34396232666666346135383732306362646438353735386565663039323361363762313162616165
35396233373563633336653764343234303536613639396335373566656234353830333664393137
31653937386163323337306463613830333632353062343537326163623765316661353630643462
66376363643362613664333232383966366462373361383233333166316532373663656330633435
32386239663930306537646238616435653634313366356462376134303234336532666261343062
61323130303734616639616465346566623165666132363066656230646234623735663232646534
35306631313335326132346438383935666562366239333933333939396165643432326538623630
39643439393738343036306535396431626561363232613863626566316634396665336665653034
37363831656639303863326338326461666631653366303337333461396335633164646635616166
37373534373135633964303134636465626133353232656338633330363933633063333438656436
32373666356635376136346466343634303561623830363634306462393832303566373837323533
63323661646535336666386231313263363366323036613236613033636465653061396461343964
36313333623234373065383134313632623366383864383337643135343133383364333632353336
65633130653062353361373935373131316632303864643566616363373030323664323065353730
61636539633338626166306338643534323839376335323136626262373139343165373932393762
63326233323264613437323266646465636136633437376133373765346464656234303766626666
31366336353162393938333461343638393164666432363030616462653164336364316463326166
62633464623466353764646637383364616339653864303563396432303565373066383935386530
30653430313537313638373831613637363039613264643337616239353137346432323763363134
39356662643839303338643233666639663365343763646562373031626637653137376432626334
61376365616635313764633164636432306536386161653134346337656166393634653137656433
66663835343135353566316366666463653761313033323438393937323439666639653635386164
35383433613238323030333737373666646364326235383665373664386563356564623535356639
61383366373338396564336465303661373633333237643233313061613030363133363966356563
62613139656264393632623531353434313636353266643961363066316139616565363463363661
65343730353564623764656233613230303163336535356365636139656337626530393862376331
65326263393931646638393234393738313063633033623636343839393734663639396461393633
39333433363435316631313566613037613931383164323634323365396461363630643138363461
37386363363064393465663038343738666564623862313064306537633035343431306439333630
36633365323164353462316130336132633234346532636331636538343163313237643739396364
66393934343138646361313133623465323864613665333266366133626131383337346236393136
36396430313734636666616133333231326534613366613338356234373937653965333731623332
62346134346263396236623438623138653663333437333464333636643735306463383462363431
63363238633334663763666564303132336638333861356330396239626665623537643330643532
61363065333666333737336133663831653937343163356161363738316233653131323730333265
36653336353732363763396163356334623430656561336661613365616634626666373831303532
38666439343463316266623864356463373534623037633332303639376166393737333230633761
62316330646331336561306231656237613162313563393965333665356361396565633133623835
33646661623234363366616631356431376166636262633138356638613733316363363032396461
38306438323030656331303635333037663062663863303665373335653933386265656333323031
31326131313862353834656437656165623964646261633034333634353561343231666366613731
63306433663963646162373161333064633565393236373533626364303164626561376561353439
34666566333362643934343935623835383737303938653761393331323734393363323737336233
65663734303261653738633831333931656163646537636266623834346361643832313733306266
32616161616162366439396637616661346533353861343936623863366464646662623631626335
37666439616637326535313762313365616562323133656666343363616434653566643461646466
63366466386239336631323930663664646264323639383466306538363866636233376139343365
63383935633931303637333038376434646265613962343630363932373863623161616338663966
65376364366533663937346430636331643935653330326237633738313765333961383461383035
33636632633838363863616665393232613733613966613739343430333536393339616461353035
32663933653538663932623030313533383666336261346365346231333831393563386432633632
34626165303235313563303935333363306463623861316639306464373830646439373361633163
36343363396431656538623931326431636534653631323338326137393139343031616664656665
39616365653338646133396335653738343636626332306138343039666462653563353834626666
30346164366638333262366338666138626234356362313630363165386265663961346532313634
62336462383339396433376363353538636231656630623562636130316661353062363165306133
37306164633639656235376164633432666637323863643163616534626536326333656232396464
38653433373533646261373465366631656463626264616539343134303264313635636231396134
37353666306464666337613131373236356330353237363531353563303037393334613839656562
37643564303032323231303034623632386463373835303966386635363832623633316337653535
33366466666332636137646564353232373830643639393138306639613661306638383134663638
63333066316137613766353461316364316564666362396638323139636236666338306663303063
37386238343934323165376166636336363965323335306462376534616630333532333030306431
36303737653535393362663538366436383866613234616532666336323037613666303364386365
31326232343037613761333930346231336437626634353430313037653036666663383162643265
65323432643063666636356431303637663262303665373465383433356536326434396264366131
37366163303637623034393362663333653038626537363038663135306332393330643064326261
61336665396561363732653763623837613732653937393961343837623966623334636437616138
64613737623061333438643066653535666333363437646236303532383532363835613830363262
61383561313639626361336338623330313534613063343966643131646635323234633939616364
39663935626336356566663466313335633730343733623262373031363761643466316230626436
64373963646664323461663639646364323239626166363831643435623232356666313437373135
63663732363031386464343334333130386663366235376339326132376130343038393765313166
39363434643236306464326164623135633930323538303338326237363433633766663036393031
64306631336336303236633636653535303338383037363133313563306432343766363766386437
63616632613938613934636131373033616333336634366466643137346431613938363237383533
31623665343165626438613436366231643562656431643061333233333765313138353165613232
64336633313561376464336134313562633965356332333831653436643230323434613633643131
66363764656535656537613135616237613632376162616462383161643235353332376332646331
31623064646264383534613231363737353630383766356436626134336466633364313034373531
39386362643865343964376262306430393830616533383062656434623865333230663164623034
37646633313462636666636338346135666631366566643839366366643133336336633837383462
62343736633935373532663130306632663266656333346237613961623838386464363236366333
63393864393735346437643163383036386235373563353936613633393932356463633733663461
62393735306533643263363862353135343163613632303033376636616635626633386131313239
32646138613463373864663031663339353466393736613566383334333437353363303361316166
62303230366334366566376631663433363139393563623830666439383433316263396535376364
63353564633830656139326237393633393431633166373462306534343865386138663332333835
38626662643361643762633266316236613537383264626561383363616664373264313663353734
36396234353163306434353134613438396165376239633833376436653862626562646230373632
63616239363564366430393936313239333630363430313435383737373135316365636464613061
65663133663135373038396136613436363664343732373264306263386535616264656634303536
61336139623264326132353839383632366233636362643762633232666163366132383566666139
61313833623037323035353733383164333966646666623039333230316638313633643830373633
66653533373962386663663261333364366331646666393138646631643136653934313333663262
64346430623439636331616261666136303438356464663136343664306336323338373562386239
36396261663066376339343332633562643464323731366637383561333739383533666132666533
65666661616563313166633535353236373631643262363136393137323933366334656238613536
36646261356663316637396366303139653735303964656537333565326463373336613730356631
63393838633537373666353066316161303464316262383838366262313637353330356665383336
35343630613664316163373461633635353235386531336434373938653639323431396363646231
32386262323935336437303038636530643964633164386465306562323363316136323430383338
63663263626432393635636163616465646232303661653631623736313236626639636133373762
32363663336138336638396163383135626239353436623837653536383035653233336232346637
31656362663663303439343161336539636466653336313730333866663731343039353630343366
61303266663261333661326438326430636466613837373365396663616430333738633765623263
39643630303162356565393839633435333066346336306564643837333965663766376331666562
64623539373761663934366431643435346230646264613739666533323736303061613933386131
63633464363733303339653839386263383131653232336138333333633030396238356466613566
33393431383232393934336130333961336466396130366430353232366137653238643330633765
34393962316661396437383265383266353432383037373635646430616336633630613737653064
38383235643439646232343737353132343633373965313165373565383633363662383263303261
34396665626333396539333536653139306431376361393036613963653463303736373531663264
66613561623936396631303364316534303031626565323439363666623434623032633635626162
62336639393835646262316361383631353964353238643332393735333938323836353336363130
34353362656363643335663966343666313230616466653238313831623538646338376231316136
64343966643865643739356664366130316139376538613538653161333261373336396235613931
61623236383631376139366536376431636333646662633130646331323336623930376434363165
32646237343133343437303432323337333765656564623061313039633630326137313264396462
65663731633562336564346262643664363838636539666538336139613031386165343966353832
33393539383166303031353365343162393135306466313562616533613935303662303432336562
66636634303462386139666437343734613863333931356436303463313936663964353138303036
30646365656637393263373637373165393631313038653064346534646432366631343036376534
64623831616632323731313639306330343531633463303236373537653165343837613530393135
36373939633737306566343731363532393332633530343538386364316663313765393630373163
31666266366631306233613566656637646430663436323364396662356237633562663034313932
66303134343634326532386536393630306638326362313230626365643966613065353832663339
34646237626538356532653961326637613230643262613866643166383764383961386165363135
34333364386637363339376333663938363863643762323264333439376361393739376363303334
64356234333537663665353566363232383030613561326239303362653038396366366330353334
30633334396462333464663132343935306631666635333036653462373565663262623938386234
31373563653036613030353962633839333063653133616435316362323136313938646266636265
35346563343131663033313233623737363936363532303635316635343132653135376136363863
35336232326662623661376539343031623130396539363630643062653664346161353134393564
35643965343938653964376565656430326161353830333465386635623363343133313936353239
33653739633635373133313438343731386361616437653134356465333430363465376237323939
61636261343135616635626238323632666565303164386336373264343032623335323466346532
32633336366331663831643339646435343931306262643436383566376337613264623832663837
39333730343964393963343237636636646134316639383434363564363262353865626331343730
39623464353439366334353334356338626235316135353462346666313430383037353237613061
30306461623032306665383532663366616431343461363732633761396633646564373833336235
31326336316336666366653337363233636231366633646231353430656631626530643663643336
35353934363135656637313263326630323866636334353031343938646330346366383533383930
31383266346539313430326161366430303438393735326530646337396234343364316262643739
35353533353263626239326262353930623538393134346136383237316438313136623832666437
35633936613738623165633039326433643365653237643261343935373761303332333362316138
61663238356363346536316137303538663939333231366666313237373236343466373335343038
64326134336538336539383337633535636164313766613864626134646539613862356630333433
32633634313462393634393762356636633631353966323437333662383730383366623230373336
32663835643066396438613437623831656563356638383165646238666130303634303531666532
64653463643235666265346465356263613134376264613839333739626162356466373965383737
37396435353138353530623338323738383033303735396464613637623134373266373862333566
62623739373530366131396435616235613738383962313834346562383234313339666133363865
61323533373634353836623233383338363266376535396364343830393435306431653534333134
64376166333032616231376435353961643234653066376366343565363138613433343438363931
30393230316634646632316463613832643466636565333735666431616636383064613462396165
62396539313466643530623961323334643034313562336138646633643931633863666362373262
38313730343861326463663439656461393565353862346531383139326563346463656439306636
65623464386332616236346339323338366233643863386336383134393732636164666661316165
65353931643933623131343836653565356435633536306563666361336263653834323232666364
36333634313666643936653063366436383137663232356433623434396134396630643236656662
66343930366163333539363333626535303366343961646432396338613564656230353961353364
62356565343134313961623162363434356535653130326237326262363361653231393162623466
34343330366362303833323938623437616663393162643238646666653233313063393561306163
34636436643139356134643766333864376338393436393563306636336566366634303963623039
66626462393264336534636262326264316665323737663466383563363162343266656234616537
31393061303964373735343837343563663463663033653734383133623734303635333439373361
31623266326233643431653233303438376534653533336333313561316532653037353738386366
35613966626133373937323430363031356632343632353330303966373235383461313035623761
34653336336332633734386436386463363735333237623962656164343231653539656266336435
32663930346437333139333838333237643137336233663736323037366330363863646430616639
34303432363962656164376662306334626534393232623138313933393235663137653332663961
61393062386261353662343231613839386339633039323034343235356634653239386266306165
39363532383537656561356335323237646439353961383339306533316466363131666162633233
36303663313239326234613834306339363336633334383839373337363063373932623135363265
61313130613861386437353737633536646466316434613036623663363364613637343038343965
61326265336330326166633731396362633136316364616636383331613731316264326361646164
30623963303635393861323937613536306565666337303439313365616635313664343138396336
34373733383165393532666461313638613338373632386562346631326134643332353564383365
38316165346532633435656462383434333434303737303064386435373838333137613230326362
35313838333966396237396565363039356363616134336166353138373234636533393430653233
63343738653336653534353433313436336463303135633639653534383332346335393133663137
32663831343039316562653830303162363538616635636335663130653863356439316631383639
39306531303461366135366430663063343931653733633131633737613764356535383136303233
39666463346564633862316466636535303261316161343335313534393539663538633561303063
37353332323463623339326633363935313862356562653239313934656333393039386638666238
61313061386136616638313130636237613838323637363466366163353466336433623637313662
39323632333032663936303338613737663237303434366465393335373036616163653736613036
38333661663035343037653436396134626632396266366338643130393633336466316461383439
653035393039383361316530323265393465
