$ANSIBLE_VAULT;1.1;AES256
39653837623931303366666565656333613235376165313833656634663837616636333465623336
3734363239303238343566626564333036666433343265640a646462373536633937333035336436
33623264663633313838333066663631363637653737363865343264353865336331366530323835
3237626461643961370a666331666339386365663864353830623563623765643830366236613839
38636435336135313361383466316134346362613132646664336664376365333432616138373633
37326663646138336131653362326662376664333231323831373734393364353937363065636539
62303338343065373734346562376264396461663462383166303766636433633639623535353433
66373236313236333831316230626236623666363666346162316466393465306230633166326634
31313239303665326161346431326633633566656437356661313032383662333232376238626632
64626339656133333463653032633264626263353766613339303465343265643836373933343235
66303636663662653132653537396334646164653538363262393232616137653237393936336332
62663434356430666635366131383335616531313464666332626561356333313064326533356363
63333736653831316134343038636139373764616537303632626530346431383838313864393662
34363864353566663865383336346239656165393662643762333032353635663562393363653039
35383261663566386437366361616335643733643337656130303837383262396435343462623331
65656637303939376462633031376535643430383132613937363034616336643430353766396236
38386135646661653462653731343038346338653164346464363866303563663232653362333965
31306134623634366236663266666634646162383631643965656131373233623536373835396665
62323863313433316330653137623666373534313438643562353064666438636532346432383264
65666138613761663831373631633335626661653831373930636666316437323133323136623337
35336433623135336434323331373536326565613863346536613537663437306532303734363537
30366233383964623439353033336462636561343863303931333366313761663132363566346163
33396536646262366134613731353932643530333231633537613066623631303438336535633063
62666363666238313062613165316136386335636530663132333366333337653064613732353065
31316336663462343064373762316637386334323032393338396639313036303739353435343566
64346563646665333535366334303131303538613537336662623533646461616230366238316365
39386238353031326663373635613230386535623466623839636635336163666433663136336435
38656362666539666132373061653735663635303837353166356434666233633064393738376138
34646266643462376634663065313233353633303833366561393231373032353263363962386265
6161393161633231643461303634343532643132343435303664
