$ANSIBLE_VAULT;1.1;AES256
65396565323262366334653937336233333930343039656561646265323834386263323861626233
6438313532656561613762663638663033376535633362370a323734643631396430303032666633
63643462323831386638346664613861613132333237623663633131383835313232643638303233
3362356137396538320a653234663766313065343530373763306232383731343365646135323533
33656365613434666561636464366531386339666337616338653932373637623866633533656235
34376564356237666663363866306132623234313361663631363265396561656632326137626566
34633630303733653936633036353737343531373133653461353064336333323162343561343433
35336263373734373333666639633730306436623637323832626462663963323263366236653162
30306636646530633139646435636462363665306664353465656437653762613936373766333237
36346130663839383165613733316164306332386161383463353630363236303834303237313363
323263303234616636383731323430326234
