$ANSIBLE_VAULT;1.1;AES256
62346364353335663531323437663036396263666461353066366463356464663636316233623734
3264333233336138313438336138633238316533386336300a666130636133393834306433393762
63373365366239346234346464653032313733393836383631306539643936386665313832353538
3366386432316662320a643738626262323032616164336561336430623532393036643237626232
31393561303030636665666133323266313661306334636237643637393431336530343133343639
66643263363637326331373764313364616335653463646135303565306263393566393131353964
33633631333632636162366333313265633537636639336238666233376634323737323462336136
62636338643537393533346333626338616234303464613635323238653236366331343063313665
62383936656537616134646538393362333763343865393937396661613066656234333938643738
38306236323537663034333238343136633930356161393465396134373362653231656463616465
65646166316435306461336539353566313463343537306566336563613964626666313562366238
33636335633566343931653431336238666264336235636364353866636236353138393331616530
37353933313633396264346136313262643262336134616431633261353762383231643064373361
36643065323033373463626235623464316263643738383738393739663131633734376165326466
36636137643462646662346137356330323430306564306138366232623736353334363361356464
31396165646132363636383230646163396139626432613033666138656135356361303831393264
31303535613734303938613532333834646236356530613235656635343037316632303666373661
31353361656161383130333835633731393666356338623934653232363365643961616434636565
36316638383638333133316236366639666462333264613964386662333935656333653532663932
36313734326132346439376662303334303565383739616236376137666338626163363032313538
33326264633537363438643038303635646439393561396338373435323062363033383166323164
36326161326436663938653464643931303831326263373939333438333630366635323935306664
34303138656134623930373032663130633866633838336537356533643936393564343531636464
63333131386332366634666463363139666436653362306161363337376432316431623037386237
30313630316238623639356666633662663635336635663937643437623838616534323834666530
33313461346433633131623332333038613839663632373033363161613965356666303134336361
66303639313437316334313165333630343139313266336237653736333732333436656231663266
32376530353436623939303466653338366665623034613035303131623062393331346338396636
31396336626430663131643835373633666532636335333434393337326237306366396661306464
63386465643662376138666637616561326631643363303764306433373765396536343466353661
39313463346661373761663536623961383039656634316565343165366330306337313838386463
39623865386235386430326364666366323866306166663461313931626538323435313933313561
64313433373230343334383438303737303137633337633033303338383139353836396231653361
36353762353535336461663232623264313563396161383462643838373439383466356339356462
31303637323964346632313361383163366539373134643931323536373831653937663438366162
66316630373730363836373266366361333562653062653361396538626431643861386563386639
33653365346234343836396237353734383531333738643662356261373163623661666439623863
66663264333837313933373764323838323663353030343664353838666263353734333732613335
65353538326335323366346338353636316332363733646439656538646135323235396264383331
30626166313830633038303236306366353736313062623366396665306664656239313830636133
37623463626430633530326262653235646162313266363065343966383665373366326333353230
38666236616230373036616637383032363161356535343865326164353063303131376435656236
63353338313662353461653936636132363535353766323030303830376135373362656463616365
66313962316637383363663730396630653930393431323165313863663632336466373661393938
66633034323235326362323830383465363037333737366331316337333039643061313834313862
39626562643133343263303439646431353062666432383130333739376338316366393034336238
35383932376234336436366637663264613865636536663761353937326437653932333265646339
31323834666237356135653463376465373865636563366365336539333537323938373663383665
64643039613564373963383830353732613038303439303933396566316139623139643862313764
32393435613636383034393663323833613336616165353831626238636432663664353830316262
31666336666265366236336262616133636564396362303232396262383037623337623132613534
31313532383963316565306534626233383530346361386666346230646537623665363933373366
61313632313063303738653936626366343764336438316561613334373365393236323136323636
36363738373533363133333931643663363061663166366439663135303366323633393430373735
39613739313235353464343062343563343361353533666563666361363634356362323335633834
65646336633837303035656634356562366630623966363366356462333837363933303033373531
65613465616362623037316364656562656435353530323539663766626237346334316164336233
33303063386539643635643163646533373335303066323961613039313633343930643537366161
66353262393537666539393166626133363965386338663231386535373832393735633431353361
36626531663238336566666263633335656333663034333737643463396136383337313431393836
39366238373136643131653739303864303535316631623031353039356235383835303861343464
32393132623230386133323162303135616239353334363536643165636532356438333363653239
37623031633534633865396533626266303638303165623035636364376364626364376131393963
31333262306638303739383864306362343832356131346136626334363563633434616537623632
64643566333134336634386430633037303831656265666534633935303937393365623161613430
64653161333936633130353966633434633362656362313664643263646561633233363737633262
36323636316363383165346537323537613632373062656631313733333461396361396539383961
64323933626663663361653237656336333033663830616636326366653735303930393338356563
63643664313166663832363837626231353233303330346264653531643064633033613332653462
63386339353066356434623366363834643266626635633533613137623431666632303330633533
34623431653632633939646264663165393164653439663866363233666533343130653039656161
39666236393766663239323665303264326566643833373130353032626638643465313132366261
66666130333966303264666130363339376437363235616131366333666164373264616435626461
63653637396366356238356632623834643435653866306334633239613438303132656166306635
39623133613035323631656466633161666562333633666432666639666339383233366662363437
61643265623861393566613866303632393363636461383538396363653231623738336165343235
63613235323439366635633338353539333064323364386161616330623438613664353436346434
37333939623539623939633839356461353161363565376162303931663434656562386630316566
65313730633139636666616361613131323366646439373234386136383264656130356666363039
34373362313162646537383330646564356636663437343437303739323238376463613830653735
32333065623864373630356134333833393863386664396537663834343937373061616235633630
35613862373466666532386638396431366539646162643334343234653636383465323137333236
34646663343530643337366238636566383763616361343434623966626436313363303965643733
35373831653233326439353838313837336466613063303830383161306236626563646230343935
32323737303633366166353037333032633636376265356231613763326664653166373961356636
33383839303535633133383631313862613438613330336666323139356335646466313133663961
34653662373932373764353438316332343532306366623763613463306665303432643134653530
34383039333765663162363235373037613237643733623637623535363566356366363733346366
37326436323763353766363130323831643334383830386261363337313636616334356634356637
37326165663466626264653338633462626164386665306535396330376231393131626364626139
64346363646337356531303862613964646665376633356338346366616131323433343533346534
39343130653031313637623436376532373165306261636561633861623530333666616433623662
66313333393835353738313731633430663930303333633066386336353232633839316230646530
37653130663737666565386238363834653434333533333635396665316538373532653763306531
35303364316430313962323731303133646232336239326435656235386230633863383238393737
36623134346662383931326535363932373463336633396333376434343964346535393165316436
63613061323262653436373964393532393363643765363234313764346561383939323666623837
39316538363439366466323831353331343035633230633139336332383139316464366262393737
37633338636266303563396263393266373433336238393137353063356662613339666163643831
65616133393737303036393036303531356466656561323937353036323931633131323634643230
32363037666166353630303765656437366530303564383663313565393965363964326661306234
32393132653733313565616237373431633933366665336532326437353636323836346534663164
30343232613566616265663539373631626430346564643230656261353364646164616337633733
66313863323136663462626138393062353135333431346333303231646536306635313761346139
65326432356535636638336636356438326636386538316436616630386430353364623534343532
35326138343131356261303263306361626532633834353231636265393361663038336437666136
63636562623532633662616235363064623665313839303231373631663265323232366566636363
36396433306461386436653434353233363633656161616261663437663737626436656462336462
63366665393630613766313065306565346364626465343331653566303737393534646666333330
31393065303331663064653734353138643266303038383935646535393961613362303561663430
62396636336538653131356162393233633031393532363335356262393466646364663663303831
66656634613137323134336663653333616631613562613463653539393534636336623532383137
62663831396532323061396435616461326534646662636639636161643863663563333665393263
37313664396162326133363135393231656236336232333138336134366562633334396230383130
35303766356636383938306261323265653230353836386465616266393033353665643262326562
62346133386531613963633237366134336636363336363239323034346538356335333665326633
65333039346432626138316430386365306337656431626462646431646537633431306231343463
61616137383630626263626138333336326162613866636539326165356663356466356434316635
36383033623331323634306564303663353163633361636232376462656264623137623139663837
66393061613138636534323035353739366233633765393036313037613639363630643063326338
33626264313937356561646436313838313332633439366565613365376461636339313937646265
39646139323635623266383937643837363533616633343966353831613132353866393737313332
62303231633465653766636638633736383031653764633434636666316562383232356166383862
61346662333933393765376162666662306130306431666631396666326364386432333632626239
61306538626131356361326563623365353033626364303131383437366233373130346164656462
39376666613532326538646532303237646636366131376330323861663261323932643639633365
33613961633063653438376439666638316233376132646637363361636431393233626533366233
38636637616665303333343230366636626333363333366231383965373534346162373430363365
38666166656162373164633965623731396432636438353462303164643330666161313565643033
63366162663632346631353232613166626563356134653763363463366431646637626530636263
30343633663365323039366230333834653466613266366637623639643162633130306466323835
33663735393266386363393164613330306234666163323033666362356332623733343633393862
61386164336666323463303461393334383434336566633362336636376535363134356334353363
66336239303134653632393562313964643530396137613865663566643037653230613437313033
39366634343338376166666161396165346665626566316564316131363836326561326261303464
65393961356366626630663930666237346539353639306339626234383264376163343463366332
30323430376233646237323330626130643938303161663637326466633137313737323134633435
30316330383465663137343439393032383933333564323330363263383962393137396664663239
64633564376664323131373061653764633036643636616436366239383130653839636636363237
39616264643437306636646630666439623330656630303766326265366538383133353064363534
30313264643439313766663262316363386463313138316230303538636532363335323431386639
65366565353563653430663039316333313633613466646530353334333637363863393033353231
38323731653433313861393935383262363962303537353037333539313631636264356531613334
65353530373434356165366336333636663232313061346365366533393363666365353437316361
31653564306133613465373930623963373933656564326131666137323363313062396532356266
61303764626239363538646337663131653333613062306261376632396266353663356535353138
36666336653035396466313737353931663937373137636261386232383630393238653433343237
61663466363166336232356630363165373737353962303232363263643030623062626339363566
65306435343138353266383363623630626534376163313638383638346366346237636331623138
65323364313337316562333138626562303331653037616432623663643934326465306235356539
61326666636232663933313833636630356135363538623637636139353339323939356565373666
37306130646131393036633433646135393639323838663637633764613761396631383732323965
36626538393730303230343832663263646265656237353165626464616634396238373633626263
33346435356436656132646365366338623032336132633130616634313635656135336637313836
35386462623532626535393265333038623763343030636539646232626339393035626264623433
37613532336461306365643466656232613839626262353662373335303930333931666661626366
31666361616237306132393364636330373532316330373532316339356133353538306366643330
38333336336130336237343938363931386365643137666332653130346563366364346162386637
66336166663363386532653531336162393234393064383430316562383639323034366362323236
61326432353335663939613235656637663534343161666331343038383037613465626664383737
64393333396337316134396235323434616462663061383162393730626131316334393564643463
36656265353431363264636464386330306535383762363834623064356161373134353932616566
34646631626639666532643337366637613535306364653438363962376437313134306238343337
61646437326563653065383336366465613434333633386133303961636266353861323234306435
37376461396332623438333561656566376230613761326132646639333536346535663732613436
34663561646238363932666236393366633735643439383734373061336637663562653738396535
32363139623831323639363738393365656234633361383432643763343134306435333335623364
35633963363538336463313931356265323563333166326133316463323636313038373164303037
37376462656439316430306137373434636464313764306232346138666563396662346434363664
32303262616666366636643263313766326630326163336132646533333137313531663739343137
37656536653066346330363036646662383138663437313639383664613762336233653133353166
66326632633062393830643038323636366234633538613634633739376532376664643931613864
65393365636335306534343865353831373666323937653031653861393630653734313432313336
61386336366164396362346435653536653031626364653238353132373934316364366633613939
66643963616361313266343364366234373937336139356365313163343963343238323933393238
65383739326466303434393937303964363531333339373862613134663238313933366665333832
32373438336631303565383633346132643631333865393066633432613133636361303433613735
32633233303430643930333036313266333633396330313664343066376130663935376134643535
32353532626166633633363937343964316665306132306530393732666535333464366332303663
37646533393164636430626666666662633232333738396562653364656235383339373462643036
36356133366137633930363731386535343333623762336538383936333365663738613064613836
65336538313432373565666262393163303136336565633335636133353731383164393463633062
61636463383134303233633233653331633037383137343231623164383462643333356564376662
31383134633737393733396238633337343963346439626433633033613139356232376535386162
34356332653834336431366565326462633531376565323261333135346231353438623935373962
33316330656337303464623062393765373437663031653833353934623464613161633063353338
33656537666431613533613233376334313662306565353966623439353462653663366661663230
32303538323262636630323536396532613735336263333763666462663039666235623339373939
64616636323130383437656630613963656434396430613030386362373237653030653564663562
64343534373661633265353837656530306431656338626537636161666361326639323534383032
32666530386432623233313435303863343336643238616664656263336132323739303363376636
66653439363561316561633237383737373430623463623662306663633061313837366238616664
33643136616437386233363230623635336138316435386163613133316230353061343863653564
36643436653335333962656638636562333364663735343564353863366662316363643338363466
36333833373466306538653130363336343939353864613331616135623965623162393362386330
65626361306433303037663634656538363066363839326132616631343937323838306136393061
34646430306136396539383966323662643437633663363562653332353131383238313463323966
32376361636662323631623033633231333932646135666361393739323462633464333534313639
64383335396563653531303561393264646431323938646334323130363237613738633437313332
63363061613331376332343334383565653230616365353435623933663334626331623866336334
36323935643834303866323430656365636164356135383234376133363338613437393337616238
65653335346137373632663361613563353565363836383534333265633662333634386134623035
64363033353262646563383039393936623063313231313035316364636235613036383166336363
64646330313664336231666539633766343966393565353264343032303735383030633964333461
31383632643262646531343232643762343063373238343835306435386439666238366662333132
61336633313830323231643764626139353862393066366233616636616561343732363239626166
33613134663237376362616433613162303839303730316333366238356139623362366432666238
65356262323939343231363338646130333264373065623962653730373763383964393261633330
30343565373137353334373832323932316631613832356364633437336233646661376633626164
61393234343931653162633361306438623834353164316638653662383833356531393033343866
31366262303363366136313531366434336235626634333730346234383635646166383437386330
34616636323838346438653863613933636338303261633337366138393961623761383737666538
36326461356336636432623539303333363863396534363166363430323266313334323662376136
30323364376234616463613065323536306261313438373131343063646138646530353337613330
35663435633634326133643563323838316464373065333934666234653864643235666366613265
64396564633739613430383161366332643331656436633031373764363364313230666363396664
31313165383230346536636437663339613061363462626437393135316266346535613563303033
39363835633737633232623863633961623038653734656639626531386534656264623637303733
32663266633864393539366337353734653432396266306562303531333738613866356530656361
61393765343436366332363630636138303666393162363461396134303738656439376164326536
64356531633365383264366161623863303033353863363436626439623535353034653836383665
36333562356263616532316638383534386632373331333136376436643634643036306137653866
32313866313131643166663339346461353931623435373566343263623763313137663739653036
38643234613630613366646431373731336362376137323532306434303063636530663165386466
39386630643333386636303861663431373237353334326535333833633737636436303365353130
35646663623861646162333864313638326434313631393864343266656339656264636430343639
37623136656633323337336364396335633939363463396332613033656331353361656166313463
62616437656264393365333263643535343933663233373164313036613162323734666137333336
30333266633833626132623130393566393435666466383736336232656163633464643430396331
36383234363162373338346162623932366533663636383161376435366636656666383661383535
65336236353137386165366166663762383363643934313230626239323239353664303964653531
66633762393532373939373730366635666265383232613761643731356561653439623632666262
65663833323736396366666630656437316633313837313238653937393961613738626336363364
31306138393638363133343038343236363136633363363863653035643066323766643034306138
30666434373637363666613137373734653461343664393965616334636162373465346537336264
66323661653338363332666639373033336330333835343966636637663261373862626436363864
64303939356535666465643561383132363164636663623138303330616337613965346336303135
63396135333566633830333438363039663039616664366562356433386235393937383934666239
33303631396637336566383865353265633563316139336562363732353633373861366261616665
39633538356339623235363764323034343433363930353566323031626135626233333265393962
65343364396665623663656561313930373436366236323635373338613235616130643835303931
62363664313533386431306564613530313165366134623566643365326166353564326361393236
30383161383861326162366639383033353665383832373166653162613337653361306439613338
36336634353864613364653363366337303666313833633634386266376339336130396137633730
37666430633763623637373239316433616161333430663030626565656430643161656538623835
65363537373464653538306139623531346239343861383139646161616532356632383536373336
34336438313636616436323331313562363439393963376437663334326335666336323939393964
64666333373562343965663663616264323738663838353737313336396531313739333631623230
35366463313132643563363130343662313937323538313833653363366136356138336337353735
66613765366561373034373637616239633561323636346633313762326231386365636566393838
35326530333863633738363939666661383465353766616462353133623036353762366238316231
39613166396564646463316137613464376333326564313537306336383835303033396361613731
30316164663963613663346632393830633263653235383233656362643930386331343136393534
61396636346164333733303236383463376466623461643765376264653736643731666363656534
33373061313064383366643430653438336331326136343765666462623766623763663166373032
66663433356132626331643332303635323963336565636334356661633564336561326138633236
33643061656264323464396566666261383431346265396366366362383562643937653339336633
33353064346235666530393666316231336364356437616664336339633264633434643131643630
31333130396163646336363533306536646464323038323665646230366132373430373432316134
35633639363461346163633938383264396265316535333361336263383639383662376230323739
64373666323930656262313331353538326365303663323234356234313539333833663739643563
30666333313031643437303563643837646430313566323864353631383530323437663161336362
38366533323465313033393263613235393132393966313937633636653062323063623661613338
35623463393833303432633061386164376235613930636364623530373866666636346130363864
35373334313462613934363264356136383235306635343365313162623137383131653235613161
65366165663933396639373237363230616136333832646266336161656239353036393136346636
62383031303063366333396339306563393935366232653565383265333761393464346137663964
61636264643032373562646463653330346161336664353862306530643533323438393462393261
39653963366264663233356164336231643066373064663437336262326261396266613566313430
64383866616436616166343863663931333933323632366439306466643266323636613637303430
61306539613335313361383337353230393435356231623463663631303532643030643335643537
30373461346530346331666261343264363862653135386366306630656232613436313564346433
35663662626230666533346262666531386164623038303939353163396632656435623337306263
33323136613062313361353434656665353737373566383631633461336338353864346439633037
62613438633865313833333639306238363162323966316563316431373133336334343661323361
66656265373361613234343434643561633664613233626331653638396231323930643931653237
61323739363738383830356561333635376130373564303564393662643935363334656162623539
33393031636163616234303236656439623565346139343534366137393635333136373331393263
66313036666538323562633564616135643030626363306639643533393530613130616637343639
63646161306662366333646637313630366132313439666165366437383133653334663834303965
38626131383238636433613364313039333564386134343333306361663533353533646434336665
36306338333361656365366562373965396466656461623734353336393136623239633566623730
31633565366135306265613430663062633363366366313633303864313163376536646364316231
62643562366639396231303232353536353261323934346233666262343930346531316664653564
30396161646633643631613863383136303664616339383863646438353534616235373732636335
33363836613766343463363663636631383635383331633966306236663234373939323330383737
39343038316435303464333839353338316261666134393662306330343461363066336337366364
31336464626665656634633530336132376262393131393630656565343438663538636433653430
65386436646535616538393136346365616461333765346131656565623939633162303537633237
34353661373261636365373931643937356131343533653630313437306133363764316437303164
64623331623162643463653031353066343637383331363639366164333338633761336530373732
66373932303833343062353334363935663137626664333731613935663963306630346461353062
63386237613838653431666562353035643536343337356364616433366536326434363863633733
62373338396631366262393137643634343237643437313832386166303436323136353036373533
35616436313634663733306133663633613837313032323864343765663066376563656361383938
36646237343433373261386338616435623438323430303331313061303733623531376535636262
63316630613864653432643866323964346239633638366339663463303638373232633031353830
37643364643563323864616362333861666133643961326230623332383765373232326565623436
61373739393830373438653032323231303861356135623831383631653965613163316335646162
63393333323232366561353036653731646631623838653136376332363933316532386230353663
32636530376431616433643939356531643634663639643730323735663835616438653464633730
32333933363766633062393731663861353235303333656237303663376134366433386134633564
31326232383534626634306665326430373061626664353337323238666438616535653762306434
37303739333939323632643362366234613265313730366631636566306461653062616565313465
65643866356638386332366363356638616163613239643035656463666634353939323634313162
32663430346438346235613663383164643862333433323130373739613763363334323534313466
61656261326539346339336362353430303139313561616464336663626636626565306631613763
35616131323937333937653839636538396561393931313530393565343930366630373838356164
37393130306139346636356366646335663764343064623563326562356535393835373064613136
33336538356239336462386161313533626531663765373166346437663830323433613161393165
37616262366139633563616365623331303639633435393362646664313232336466623236633462
65316232666134323938316239323162383166316632396133643730613030613836343962336564
36376238333438666631373334646231613766626432313131636235343234656637386532383761
63646330333362326537306333373431303832396438323363636635306262323763653431346262
66383165613162616632386430356262306232383431666439346431623461356431363132323165
30623165346338663166613831663764376131623934656663613336636634623130643964353465
61383139343262653438343731366439336436653461616537363431376230616165396564616533
32653639643663393961343431363261363063386166646437623935336665626336653330306164
34653666663730343135613363303230303838343931396136303833626566666430383834373139
35646231383132343564663939396666343161646233306235666536326635613231623361383433
38313664656636363135373136373135646230626435343330343866376665396339393632623465
34313633323262656433613064643935326438613131383666343466323739323137613533323638
35306538313031373834633964633833373835376437623535353138386365383834656230356435
65383537323330333166376261393761333362643338306161633938653666356239383235663330
61643236623133386630356633666462616633363964636439386539633263373734333465353331
37653335383664316631343937343333373332646133396332393765656665613332393733373963
30343336303162613533633533396630646365656161316536323831633133633538656334373334
63653666373033663238376433623738353064393766333336373635653364343761313038326165
62663336616461356235633338303061346536373333663939343630373133643062663064306137
38383438326466633135353731376135623537653763643631653162633762333237336165613332
31316665636363613465653134363735633132373735303735663630336635613331663539626536
66643962356663343532333038643433363634663634353538383333393531656439646533313166
61313431613632313866623131616432626131616662383464643465323132366566626332393062
66636163663035623835663834363436356665333938656264636537383536306632306338626166
37386161666166353632643138323036343135333865653764316664313639623762356237623934
31353433633234646666323762653662356338303331666639626466643531323532306166383631
65633935303330373465386134623861663062376266393932656263616135373761366133323464
61383866316366633238306132333430646566616361313131653163343435643937316135663435
65376534353261383566663439633962353734666462396262356535333932393862353762343330
30613437626436663165623936626631623235393938333837386430373762373338303232393530
63363536323031643637623362383065353665323838646430353263333437333035356465346139
36396166393431656663396364343237386237626139393539663233613466313237323536643263
33613664396633386366303263623135643638653865333431623835383232353933646630373639
39316163643761373261366334313962393033313364636364663830313739306333366134396231
35323738373232303339346437623136303931333363653939623835316633343735346432336533
31653937613734303261613930353238383933626365326263303866343666356337643631646638
63653639356565356238653735386434633939343661366539346631636666343563643665356439
61306663303038643861643339373362306662346266613233376233313139313964366336616334
64363235636330646133393739333566626266313362653538653430366531346265313030343361
61313030386630306562303637626634393937326363353862643333303831376265613264643966
35623734303532653837623239303030303666613464373037363564643662633533356535623161
36613135626536323362326330643434356336653331353433323666363631633664326237336263
34346364396137323531663265626533653163333234323839383131386434333936333835396237
38393437356438396163316332633863303032336335616362616338666566613162396531366531
35303432343130613966633435326363323464623362613463343666663337393566373938306339
63623061633762323133373666616665346336646265656130366265306538666662363837666536
63333933353936396534326238336233323966366130616438623463346161653364363334396665
32313932353839653538316366353131303663373930346130366334303532393933623832656139
62353735353362663065336362396637306633333034616334666437383534383738633430363636
62336438623936666538376165313861646564343639376133643866316531343139366364396435
33626664346461303039643039306430613334626461373431623561396366666537396437373063
31663938313637623930643034643230626335333231316530346132613562303030383866656662
39616639326133636362313934383832626334363865313038386539376566373331393636373531
35643863656333313630373561663738333634616138623338663234343539636430356364633235
38393934623532396531616465376438306233373861383234333638336138366534656139373833
66643465366236616632633633633430663964323333306433663665383135333933353264626334
36663438333435643230306635336336626364643632623863343730326632643864373766396131
33316266356664366534306536303139616439653134396165636635323365396339663739663465
34313136333434633739323836373664383866373936633130353431396335643035313335336466
30396231386162373563623235656536646430653139383964366534323134383463643131633539
61623733646261666434393933633638656261633834363831636337336562316465373632636564
30613338356161653665666561376239666537346532363432393738333063643264306434376133
30633731663764666538376231616462636565633564666631613932643235663762613364646537
61383435613363633339396239613131633165653465613065623631663864303662386531356530
33653131383332353662633134373633396136393266646639386566303739373463336663626363
64353339393835613262326531373533643262323435393330356539643264356265363636643564
63333762383838393665303734643530323635313462346630343137313463646333616462313161
64613463396431353239396234396133326564346336323666386361616539356432376335666231
33326563633034333762633966306438303766353732313063663938643964623235663232643138
38353136323333366561303038336435356462316136333630353435613664623836306330336639
66376263396235393636646531326161336437356161653136353537616262653166623565336162
66326162386434383831386234396639366137376630656564326564313939383039383234343463
30336637303733386261323038393466383030663734306438623566663637383632303463653337
38656464313733636335623266653436343936396537663532663235646264383337343461373163
64366230363861353435653862663266343863356632633032376138393363393263616338326566
66313239383063633838656339333033363034386432313431366265653532306561303534666233
65353864373266313832343136393533326235343162663265373766313261343631306133316330
66353364333938623436363634306135643334643737313965643364653035333432623331633566
33326435356139656633356331626137383663353338363037363861333536363734623465333834
65366634323635353936336231623130346132386263663864393761666235313237363564353631
34636333373136323730646134633436636165383865623430343436643033666230643737303964
39663566303634393735396435343233383262626636363263393066376432626261326666353933
63303334623332646162313738666334613032383234386639376661396134366235313363383538
64373339333064333535366533333763383631663738383732356537646566383337303436313436
30663362666234613131343236643431373632346631333230303334363463313431333263326631
66363734343837663834663662383535356537383134633463376238303130656238363966326636
33373064323465333737353734303133643930356264646632323033373063303065353436353763
31666330316134383530646136356133383338613033636637626534663531346535663438326538
33353734656461353933633265323530316633376133343130363964393433343862346161653938
35663263333565316561663266613137333762323530666333626135316639306430383366663235
37373839653666363336633732343732386435656630306437663934633635663765623233666465
66323430636135623265616261326163343962333632613938346530646363626366643365343561
31383332386336613637666635666264653138346639363566633138346433656262346337636530
37346132613338386138643637333137373165313162633933666664353964373265633037343031
65656635623863343533373433663561623239613433333166303762643737396530343438396438
34303634643431656339613261636532386538303235303136356266393235343734316635323537
66663535316331663734383932363839333462623066353731373235643833336530366562393563
65363030373663316639623632633962663862643734343366326237386332623839646533303630
39363966643537376230383530636662306330303234373136313637396335326461613534383836
64633661306566386336643865303163336362656231646631326338636430343533656537623462
32386263626535383930376237316262653436323637396337656338366336616430643036646432
32653139306535333137613835646563383136333637393836383662303333303033373137333338
32313165396139373734383038326662383733366431633830616138626233326630656665633838
64303134616538383064323261333032313737383265623163376634666463663834336230396638
62613666343834623130633664633737336665363530656130363735313664323937663163393037
33363730636630376439643965613432306634376266643133333764333535343365633633393838
34373735336330666666623566303137666165323531376636666665646363336263663265333238
32303531643934666663323236363735363731396139343431623165376238306230666137386263
32666537623862316338336637653836653732613738616330343665643363313131373332356265
62303365633165636430346231666564666232636338666465356432643631653135316431323732
34343738353965343933623163343737363239663535633766653762323766393262323563643331
35663633333337343864343930653161363332376261323064303735623863623563376334666133
39346162633532653236396236666437393863633238343166316434386365386338623266326466
37643965636232643334393536363437393461333164623832346634643937623837643763666630
38663332623231346530396466393361303666353866376536323734306462383836636138633465
38643931306561333837306461333663343937343037323632643761316664626265363638636562
37323561663839386337366130663464616230613930333235333766636562656334363438303930
64626238636565666230343563613433643831636363306463363166336236326637666234313066
34383230356434363534306535656166383037303661323861303432303834633663386566396132
37666534646531656566383933366438393739376565383139326333356339643336626162353738
63353837323439396438303837326430306233613033666163346561626164616337323762386235
31303739346139666364346264323036356130666137643430326131333137376137623965623465
33343730336633386561626331653765396436626136303762666562303930313132623938346434
36316364633530393631326238326235363138333137636533383535353833643434333533373866
62393333366532646162313534393165333961386434323262346162653330303565326131623339
39616266336135313931366163333431643664623539323566653230613663633061343032613062
62323866376531383634346333643436393661623432643263313662393366376363373139376130
61323237373636306362386563366338336533656334343563653565666365376561616535646439
33323131303430633235393336393836656334386665616361616236666631326561383030346564
33386332336630333233386235373662326366356330636434306564613435323635393066306539
39343337613464346665616535643139643235613162346331383431653431346435363835356664
38626166383035633632346532356634623130346262613264623634386361643834376565376362
63663965333064366465393234623735653739353037613065643461613930356565326262373762
32636462396332623864386563636538346434333630643934646634346237613164363330616365
32636330643231363837303261623035383164333965636362336133646164353034343662346138
33313561303864613938653531396234353363393339323135623862666435303431396261303733
32666437643561356536303030373230356233363264333432383164353965643330663133336231
62613739613964373931393131633634663638343438386437643533303030646566373630613161
32643234616433313262316535633933316539336438633262653135663637636238343162323964
39366162393461356336666661636134313366303236366332653362383438393537303730323936
37653231353561373538313733643965393235353033336231623234393964666366643562346561
33336438326535316131646533613931376462336630306530663633636165373739613862663232
33646437643161623139323238616139386338366266333331616438656363646439313561313239
31313135316661323761353766636465363633393866616264373631353437386361393737366636
31373536626535636432643433613130313035333437336232653161663537316131346262613664
61333965653932623933623631626562623766333138366332643335633937386337656465663931
63383762303964363462346465366666323861623365653638636230313766613234666635393165
66626330626432633530633631346235333334336134613932626335353234643362353364333932
61373635313536626332656163353230613261306233353630313331666133333436316366333864
39623635333662393930303361323963383838653536303065663134626266643435653965303835
32303565383039366362326234313465356161653237303331383565323761633036633366643032
61333737366266323636646162383866323038623832623036396161346339363466626662613132
63323262303433386439346161626464393765376163353539643861663564376632643838366532
33646130383062316265353537336339343364336663653631626632643132323765336262343366
31643737313562616162653764643164643537623963346138323730636262383232326438643765
34393336623463656464303431316536396166333935396330616136646162386163613833343330
34656366666263373166343238666238333535643138306132356536333036313234343139663635
30323131653963333633393638376439366563396234313762343936613632646534313838653232
65383139646561323834346264373765323938303039373138366131353033333038363530383437
30303261653037323337613136633934313563663033353866326531643430616331383361343839
63643830336334373633316338346633333563333230363731663564336262373464646262306333
35363835663230616663316438313863393766393230333538353062373136333537643332323662
31333439306131386239656362346465373861363936653264333361343835383338663864633533
61373937643931643435313465356638323063653133633836353030313766336363633534306234
30633861396164653463356338636563356333646537326466383564613861326163393334366263
32666437333532613038646534313736333830353533646237313564663236646566323032376136
31653563376631663130316362323137303339646136346166303966383630616237363265663838
63316138333662333538316662636364623866346136643465336433653566366661323631323531
64613562313036303965613739646566613335633436333230653962643565663532343831323264
38346365663236623465313564373033356162626634373537393139363661323261373335303037
39383264623536616131306338346536363038663435613435666163393565623361346265356166
64643133633133613134643034356539376262346661306138346538613138663830646563336365
64643730656539633434643436393034316563353235616235393765366438383037323236353066
35343562653732323430623465373964336461386666653834356237343730393038336633663934
33393539666163653763336534383035343433393564313366373936313431353235636237393234
37663662623037626538666166333761356533316434393135663437306464333935343733333862
33393133633237303466343431636537363139626462633861386139353463393464646333313332
61656130646232646232306439373633363334336136623639356365623739646466313434616330
38353463613233353832383631306438306637343861363963633138306630653739623965306264
66646535383661653563336561636163623232666433376537653730643131353636313537343738
64613763616331336632653331303362333730376130376434353138326431373261373636373731
64633566363637346363643936613133616664636237653737336662653765656462353866613733
37356433386363313132313237313731356437633364333463363434376363323935323336373566
32333135323361386336393863353866376465626361663832393830613564323962643239613531
34623965643962396565633434303332363334646638373466616337366631373766373037653061
63323031333831353365643834363433613837663761623764613663646539363534306337383232
32323463643635313331323532626362656433356639336261613536303739613132326335343738
30303965316134636661306462383562336534633761653430663836313233343534666631336236
35326436363032353861323933313735613130396134343864646265356463366366396663333438
33333636616563363365353930616537323864613339323236363532353230323863343530346539
31306564346533386130396137316665376136303830366462623933373633643839333361386231
34303865613638303062623038633039373131626264643834343862346538353465613537303765
36636538353862633339623939313432353638383162363436303839303137646332353361376637
66633738373932636162373934363632316630393633643232346139373662613334353433613837
64336233353530383430313633653433393866636331383835313738356139656531356463636239
66376530376265623934323664383261653739373664346364356232363766633039616663313130
37356161623037653661303636643238343535616239333439643131343637353936303963313139
32363465306333373231393233353431373064646633663964313562613463303834653163663366
32633965376663636130623730616235303134633331643062623938313238653235663632303130
65396362643039623362386131623861626563333661323836626561316334663830633739373835
34656137323134343334326432316430346639333562626339666638633937363366303064666439
63313131383865626565333136633265356233373330326465626634643139643339313766383134
38646631383262666639376663613334343232653533303362616266373062313739386563316332
34336362623761616563353630333961303664353631653639336331383464316663326234653061
62663433316238303938313234643333346364653037616530343437616664303361343437663335
34616661613935646531643232643930336162323137346164626231313236373466376164636234
66336463666564656533326633626266303037366232623735383566376162383666393135623534
31653361333139316639666533623039323466356165363762376265613365633839653937323733
35396631343462366231313836613366633636303062633339653566373362633336656237356236
33613232303364633763316634633737396435306433613261636537353130656237303965393264
64653136613737396162366362646636643963376634386639623966313065306433386133626263
30353838616631653335646231383930636133313837356162323134353936306537326139353239
33343064623665323466613961393538383864373336303434373437363064616539313734323534
63353663626332333161383038623133313339653665326263633439313766386535343438343830
61346261363030386665636364316331356431633833303561656236626466373032623366386366
37336436646364373937363366376130393364396438336632393966653532383133386437633833
663738396330303261383733326162373866
