$ANSIBLE_VAULT;1.1;AES256
38616666656261386237626665376235336239623633636338643636653031633539353833353634
6438336130353266653931663064353265353536666564620a353730356534393265396363623439
36373131616238613064343238353766353162306562353332396435643362666333623365373033
3564336330656634630a616561633165373439366261323733346366323565343463643236616332
39336239366233346362383230386332656165366265653737363237633836386431323134623932
32353333383264346534643564383530326532313631383531353030663765626435616165373038
61323839636137393565343966343337386263323731313637626663643730653761653462623062
65616162663630613334323265653965313232396266383730326265633135353032386534343739
36653564313634396265643965343135383237353263633939306439656138613432366432346136
30393361633937356631343565616332316265633033656334633266633838383162386364623336
37666434376434613161323039336461623762383533393038616531323833656138303431366339
61343262363834336166373438383166386261313665336135343663383835393934636364613864
3833
